1000
L 62465 -72593 99641 90324
L -28791 -26017 -30922 5768
L 23323 -96010 -40593 -38063
L 23323 -96010 47439 30183
L 50979 -43333 40671 42913
L 50979 -43333 27006 24190
L 85027 30803 39604 -29640
L 85027 30884 39604 -29559
L 92954 85295 -30313 -84183
L 92954 85794 -30313 -83684
L 69253 -7545 46978 -7545
L 93590 57564 51127 -21156
L 93590 57564 -82650 -64900
L -52264 -18927 -49616 91312
L -52264 -18927 -17125 -67210
L -54676 -74631 -52226 65433
L -54676 -74631 -83876 -25364
L 90950 11085 15416 11085
L -34977 -75755 67791 94959
L -34977 -75755 47723 -3660
L 71652 -55179 -44846 31176
L -11396 64612 -11031 -92580
L -11396 64612 -39451 47863
L 84618 23048 2112 44919
L -62872 54400 32667 -86611
L -62872 54400 96907 -30448
L 75902 61542 -68170 81265
L 75902 61542 71645 -73117
L 77251 14884 -26494 -5837
L 54858 -6591 66499 -93944
L 54858 -6591 58142 -33097
L -75899 64144 -6857 64144
L -44605 -8463 237 -8463
L 93311 -86887 -8915 -39895
L 93311 -86887 77011 -5578
L 53594 -61556 -20545 -1688
L 53594 -61556 -60122 5480
L 70042 96651 70042 68975
L -88348 90791 -88348 -47892
L -36251 67286 -84885 75424
L -36251 66832 -84885 74970
L 88868 90508 -20235 31732
L 88868 90536 -20235 31760
L -53818 -79396 -22839 -77262
L -53818 -79336 -22839 -77202
L -35079 31497 9952 31497
L -18101 -49108 70928 5891
L -18101 -49108 -1233 34293
L 72478 -21325 72478 82898
L 2775 36805 2775 55751
L 66184 6634 66184 29197
L 65568 6295 -17523 -96554
L 65568 6295 -9497 -84794
L -58790 -8622 -53355 -8622
L -93011 76836 1640 -94163
L 63261 -26105 39096 -26105
L -69480 72080 -69480 -62429
L 94251 32626 -65762 80276
L 94251 32626 -93051 -2623
L 62338 -67898 90575 -78752
L 62338 -68831 90575 -79685
L 50023 -65610 50023 -9461
L -89828 55407 -29907 81284
L -89828 55407 36379 70923
L 82041 27896 82041 21065
L -20087 -62059 29765 -62059
L 75321 -82591 -92793 -58033
L 75321 -81673 -92793 -57115
L -38492 -32017 -38492 68135
L 1183 -5726 1183 46264
L 31190 -55291 31190 -22821
L 56655 -37011 45045 29946
L 56655 -36730 45045 30227
L -23177 51377 -23177 -33547
L 50761 76250 44873 -41704
L -14025 -10115 89432 -10115
L 56639 50427 -46688 -16210
L -78936 83240 -78936 -75921
L -69655 -16781 672 15152
L -69655 -16781 37888 -57736
L -94425 -93108 -38073 27524
L -94425 -93108 51325 -34583
L -86090 18580 -86090 -45097
L -41092 -14676 -41092 -46644
L 52203 52868 -19067 29990
L -89476 -1302 30900 -5740
L -89476 -1302 -82984 -75151
L -73374 -52272 -2921 -52272
L -66760 -60683 -83587 -60683
L 26005 85899 -37684 85899
L 18427 -35527 83678 -35527
L 30726 16056 12664 16056
L 26486 56551 26486 -75845
L 4425 -64635 -45496 -18083
L 46618 -47841 63655 35037
L 46618 -47563 63655 35315
L 20450 88652 14015 88652
L -57502 83330 74501 -20514
L 3396 -18574 -62991 37371
L -90526 -19205 45514 -19205
L -58806 99498 -56960 53458
L -58806 98591 -56960 52551
L 73546 4616 22310 43658
L 73546 4616 -42750 -97790
L 89576 -39928 -8387 28417
L 89576 -39928 -47568 -87281
L -22451 96910 -7903 96910
L 89541 39831 89541 72170
L 9626 -11666 5306 48732
L -35173 25958 -23480 23651
L -35173 25958 -30909 30141
L -22475 21629 88666 -10994
L -22475 20842 88666 -11781
L -35422 -78915 -27034 -85545
L -87234 94081 56803 -15647
L -87234 93791 56803 -15937
L -36837 -55449 14061 -93681
L -36837 -56411 14061 -94643
L -16471 -95646 -16471 29005
L 87958 -86423 2799 -86423
L 62569 -8807 62569 -72673
L 27197 -62453 -47019 -47198
L 27197 -61523 -47019 -46268
L 46378 -54927 61469 57441
L 46378 -54927 55758 -51382
L -33159 45473 -98935 -95511
L -33159 45473 41624 -83635
L 50151 -67520 50151 -83868
L -90040 -5083 -83066 89766
L -90040 -5167 -83066 89682
L 79589 25934 43908 34427
L -64229 98152 -22479 -86848
L 80481 -55670 -24899 -55670
L -72014 -49272 -4077 87346
L -72014 -49568 -4077 87050
L -21551 -72356 -21551 92965
L -59268 72040 66452 12484
L -59268 72040 80125 -14871
L -62002 -10166 64987 52057
L -62002 -10166 -45235 -94139
L 94651 -86912 -6935 -83323
L 94651 -86912 20410 -49786
L 734 -4989 57913 71980
L -87579 3409 -17794 3409
L -80816 17401 -24545 -66635
L -53385 60757 -53385 95710
L 99235 89043 -30554 28720
L 99235 89043 81129 84975
L -67991 72758 -62334 35355
L -67991 72910 -62334 35507
L 93085 -66369 -46066 32450
L 93085 -66369 -62434 -84605
L -79461 -92245 -76050 1018
L 76103 9093 -93864 9093
L -92699 16859 -92699 33175
L 3352 -65617 -7332 -91999
L 28210 17722 -45231 -91492
L 28210 17722 17207 -24256
L -5221 37961 -37629 -85388
L -5221 37961 32979 57079
L 37615 -73019 37615 -53901
L -69922 -58292 95375 -36817
L -69922 -58141 95375 -36666
L 40789 54108 -69 -6968
L 40789 54182 -69 -6894
L -10731 90836 75900 -71893
L -10731 90836 19196 77396
L -68417 -72320 78792 -72320
L -8636 -21576 -65161 -83454
L -8636 -21576 95115 -91904
L 99678 34965 -48415 91065
L 99678 34965 -77570 48682
L 4272 -37127 -59862 85104
L -4236 95085 25332 -38599
L -4236 95985 25332 -37699
L -64168 1070 16614 47698
L -64168 1070 -51742 -34399
L 29743 46881 29743 64478
L 59278 19101 59278 65895
L -46364 -93953 -46364 -86297
L -53537 38299 90120 87163
L -53537 38299 62573 63830
L 44279 287 -98812 -86189
L 44279 547 -98812 -85929
L -71637 14707 -71637 25115
L -74871 42983 19786 -86788
L -74871 42983 90309 21148
L -98380 -83904 -98380 25689
L 57331 51760 57331 -84789
L 16535 13229 16535 11570
L 80733 37240 -94049 63594
L 80733 37240 -66463 29543
L 83507 -90471 -4317 14670
L 83507 -90471 -67829 10121
L 37746 -85141 74221 -18412
L -61123 -35729 60526 -38317
L -61123 -34970 60526 -37558
L 41566 49607 -40142 47029
L -57799 82787 -66606 -92910
L -57799 82787 -83212 14826
L 40175 90039 -39742 49537
L 57149 -43980 -35423 82627
L 57149 -43319 -35423 83288
L -15982 40260 -9032 82820
L -15982 39683 -9032 82243
L 85086 85639 53683 85639
L -5380 -24612 -61034 88251
L -5380 -24111 -61034 88752
L -80906 54650 44550 -12562
L -80906 54650 73800 23204
L -25743 4656 76108 -53840
L -25743 5589 76108 -52907
L 71013 -30440 -89554 -30440
L 27891 61218 64536 -26205
L 27891 60224 64536 -27199
L 70881 74652 -26518 -45473
L -89960 -39932 -27077 24741
L -89960 -39681 -27077 24992
L -92013 72334 50923 15203
L -69893 -65587 36023 -65587
L 82580 51356 15219 -64344
L -55910 16760 -96383 -85997
L -55910 16760 93034 -31649
L -58189 18277 -65524 -34843
L -58189 18277 -21990 -24109
L 28841 -66224 -78581 -66224
L 43166 98488 30094 -80159
L 69221 59857 -44268 59857
L -32284 -81211 -32284 20827
L -9075 84039 -62952 96139
L -9075 84623 -62952 96723
L 95775 70215 -49804 86783
L 95775 69912 -49804 86480
L -66725 60231 14167 19447
L -66725 60231 78940 -43828
L 43249 71122 -70573 -97471
L 43249 71122 27078 -65134
L 22841 66932 73110 93514
L -32897 -78409 -72539 55515
L -32897 -78541 -72539 55383
L 39070 96335 -8444 84216
L 39070 96335 -45231 -10129
L -93999 -27778 -52619 88033
L 97199 -2220 59638 -2220
L -37204 82945 76445 44721
L 6204 -24164 16128 -24998
L 6204 -23687 16128 -24521
L 83174 14964 -53028 -71842
L 83174 14964 56238 90523
L -4936 53051 6458 53051
L 8005 81809 -9680 -38872
L 8005 81809 28273 -30760
L 19745 -92176 -64559 -62344
L 19745 -91195 -64559 -61363
L 67363 -41011 33554 95657
L 67363 -41011 -87205 -65420
L -42462 54819 14678 84644
L -42462 54819 50338 96293
L -83409 -41508 -83409 -3677
L 12791 -45288 -69381 -91476
L -29687 -97390 34175 -26089
L -29687 -97390 41000 -19763
L -8046 88618 7074 -14195
L -8046 88618 11548 12714
L 62859 -53085 7678 -53085
L 86824 -29758 86824 1469
L 97434 -5866 50364 -64311
L 97434 -6853 50364 -65298
L -37639 -70726 -37639 75106
L -71544 44442 -80152 12514
L -40562 71082 -40562 -15038
L -8555 -15848 -20929 -25380
L -8555 -15848 2593 -4543
L -75439 -25170 -55818 -25170
L -51492 -78779 11487 53240
L -51492 -78779 -77135 -2303
L 22760 -56004 -46938 94164
L 22760 -55922 -46938 94246
L -91712 -27282 -28004 3214
L -91712 -27600 -28004 2896
L -89621 22544 -17017 29945
L -89621 22544 89895 82645
L 96284 84233 -687 84233
L 25577 60551 -44419 60551
L -54786 73319 -15062 73319
L 88434 68718 -12535 89140
L 37836 -28530 -12989 -46235
L 37836 -29402 -12989 -47107
L 11800 -58188 -86413 -5344
L 11800 -58188 -22277 22097
L -43560 -44003 -80577 -44003
L 55799 -82084 -46372 66203
L 55799 -82965 -46372 65322
L 53631 -51033 62439 -20117
L 53631 -51033 -96199 -99955
L 40243 48147 -65764 29259
L 68097 89734 -44624 88985
L -23887 -1550 -97765 81186
L -23887 -595 -97765 82141
L 99449 29566 -23253 59340
L 99449 29566 27860 29077
L 11953 13767 11953 46165
L -14536 -27438 5016 -49875
L -40278 51344 -40278 38582
L 37448 71642 20526 32376
L 37448 71642 88655 -67927
L 63775 74944 -25984 74944
L 72709 443 72709 66316
L -11734 78360 -14174 78360
L -60210 20460 95664 47169
L -60210 20460 22032 -71092
L 58163 -99449 -42329 -24722
L 58163 -99251 -42329 -24524
L -23787 56819 18973 56819
L 24383 29990 -96307 -17070
L 24383 29990 -53548 -10777
L -3505 -97020 -22531 -97020
L -41055 57041 -41055 91054
L 53637 77632 47248 -14024
L -95564 -8356 10487 -34241
L -95564 -8356 -40320 -3972
L -92554 64655 -40568 64655
L 83492 -70960 -52656 -70960
L -25301 66912 -98944 -44244
L -25301 66297 -98944 -44859
L 74319 -21590 -30357 42528
L 74319 -20641 -30357 43477
L -47976 -6574 36874 -6574
L -77656 71257 26154 71257
L -81590 83852 16242 -17121
L -81590 82966 16242 -18007
L 28563 53037 28563 80987
L -53695 -53258 -80665 -48964
L -53695 -53664 -80665 -49370
L -58784 -9124 75019 29068
L -58784 -8927 75019 29265
L 83052 22525 -31668 -95782
L 83052 22525 68101 85310
L 70852 -95135 -37006 83358
L 70852 -95135 23495 81787
L 44373 -71635 12760 57733
L 44373 -71635 52346 60946
L 10559 -89964 -62210 72730
L 10559 -89701 -62210 72993
L 11321 -10050 -54577 -55955
L 11321 -10050 -91530 -27888
L -9808 -68818 41208 -65126
L -9808 -69017 41208 -65325
L -45814 63921 -48224 63921
L -45188 -8997 -51679 46721
L -45188 -8353 -51679 47365
L -49717 -47598 -49717 76583
L 36675 -96910 36675 -95529
L 23705 -24305 90009 -21641
L 23705 -24305 2688 -66686
L -37432 26344 -14281 -30339
L -37432 25810 -14281 -30873
L 36532 -21518 -77633 -97681
L 36532 -20757 -77633 -96920
L -55157 -34320 -55157 17828
L -22884 30666 18332 -14714
L 78087 51185 -61284 2940
L 78087 51921 -61284 3676
L -10808 52283 67591 52283
L 59730 -1535 59730 73941
L -5755 -13508 -59276 45951
L -5755 -13508 57705 37684
L 94347 24062 -44081 22676
L 94347 24062 34176 -29697
L 78685 -3646 30839 88883
L 78685 -4167 30839 88362
L -49479 43643 -49479 1047
L 74806 21914 74806 -39819
L -83767 5097 89782 96692
L -43712 39387 -39895 -70162
L -43712 38393 -39895 -71156
L 74498 34577 72556 686
L -41854 30567 6252 10262
L -41854 29728 6252 9423
L -89298 -18929 -24879 -75116
L -89298 -18929 67534 -85138
L -51760 66684 70268 3229
L -51760 66620 70268 3165
L 62527 12840 -76449 12840
L 46573 73721 46573 -20925
L 45176 -32698 92127 -32698
L 88650 2372 88650 98652
L -934 45399 -71744 11924
L -934 45399 73809 -52373
L -42519 -74840 23844 49422
L -42519 -74840 99504 -81380
L -18027 -4033 -58247 -85266
L -63511 -91376 -56101 -22330
L -63511 -91376 59105 83184
L 96841 -4121 85372 -65834
L 72457 44022 -34223 44022
L 44926 -48568 -10253 23019
L 44926 -48568 6459 56492
L -73877 -40952 -45172 -12588
L -73877 -40952 -99512 6101
L -34432 -17955 -99987 30925
L -34432 -17955 29174 -16365
L -37279 885 -37279 -63223
L -78136 -73189 -78136 4248
L -53767 86445 -53767 -46819
L -37382 -73576 -65671 -28144
L -37382 -73576 -81223 -21202
L -21745 -99959 70308 -46606
L -21745 -99959 62648 78514
L 2577 -53175 68387 53713
L -97229 1250 48991 2096
L -97229 1250 2665 59000
L -94252 2608 54195 2608
L 62598 47988 34400 -86101
L 62598 48075 34400 -86014
L 52981 -31587 -59220 -62334
L 52981 -31587 47039 98522
L -5109 -57756 -76110 48935
L -5109 -57756 -5825 21638
L -48160 -3294 -33115 -14806
L 51144 -50022 -39869 -47511
L -38004 104 -58450 58600
L 30110 -2949 30291 -50109
L 30110 -2949 -33342 59312
L 14731 -2161 -26706 72617
L 14731 -1907 -26706 72871
L -9697 1853 -9697 41997
L 59479 -58192 36154 -58192
L 19922 50776 82290 51832
L 19922 50776 96628 -38130
L -72472 61197 -56021 74967
L -72472 61370 -56021 75140
L -61713 58727 35652 -90457
L -61713 58727 -30498 18536
L -88194 68427 80024 36150
L -88194 67838 80024 35561
L 21985 -29383 -67837 -37864
L 21985 -29383 -68895 -64143
L 5294 63196 -517 -38440
L 5294 63196 56134 -91678
L -60970 70379 -60970 -2820
L 57725 46161 -27551 -88941
L 57725 46161 94403 -71018
L -53835 -72082 -49956 -72082
L 39711 -79031 39711 -59489
L 78258 -48232 20034 -75305
L 78258 -48232 48752 98667
L 99737 -76619 -28971 70143
L 99737 -75619 -28971 71143
L -30438 53506 -30438 -48796
L 68785 -63807 -10908 -44755
L 68785 -63807 -60900 -83291
L 12588 41045 44765 -19235
L 12588 40660 44765 -19620
L 94852 -46505 -17469 -46505
L -94550 -67318 -94550 -74716
L -40011 -19144 78831 -19144
L -95736 94218 -32506 -75974
L -95736 94218 -70482 -64856
L 71677 65672 55902 18830
L 71677 65672 53586 -1913
L 19243 -52389 19243 55984
L 26501 -65510 58181 -12096
L 26501 -65876 58181 -12462
L -35705 -11968 -35705 29880
L -90753 -71897 35717 -88478
L -90753 -71897 -6666 71840
L -68387 -36792 48692 -8894
L 37058 -52415 94039 43762
L 37058 -52415 -13611 -98690
L -59700 79964 -59700 32933
L 27546 93280 -4873 54691
L 27546 93280 -3458 -64881
L 32560 33562 97669 253
L -45660 -65703 -45660 -93024
L -16880 28627 -16880 62594
L -73718 -51361 43620 33258
L -83987 -13482 -6513 -27655
L -83987 -13482 19337 -86421
L 69377 -29330 -53069 -54959
L 69377 -29330 17045 -96032
L -53078 83975 43472 83975
L -73407 84760 76436 84760
L 6107 -67242 -95610 7974
L 6107 -67564 -95610 7652
L 44497 -62041 -12842 -62041
L -50299 -76449 65232 -76449
L 36366 97504 42039 45869
L 77408 -11751 77408 -70757
L -74533 -83569 -87134 -83569
L -5984 88278 -76266 56189
L -5984 88278 -26206 31916
L -61688 44636 -40050 44636
L 26614 16725 -74906 -35614
L 26614 16725 39708 -29802
L -38488 22018 -38488 30322
L 63022 60063 -31088 -95350
L 63022 61054 -31088 -94359
L -59050 50041 55531 28010
L -82530 90430 84267 56204
L -82530 90430 82163 -29165
L 82107 824 -27193 96741
L -50203 20638 97957 -81656
L 90843 -75716 -66584 -94282
L 90843 -75716 14524 -93973
L -21001 71604 44761 71604
L 14477 13501 206 -66198
L 61126 37065 62986 -97474
L 86555 94737 16373 18967
L 86555 95157 16373 19387
L 48764 -34513 -25384 -70482
L 48764 -34698 -25384 -70667
L 14201 -37856 -75307 -96609
L 14201 -37856 -83175 69504
L -93463 11953 24576 -35413
L -99426 -9324 -4495 -9324
L 11366 33175 -9558 -35278
L 11366 33175 -68234 -91063
L 94442 -64100 -26976 -3042
L 94442 -64100 51891 14422
L -38118 -76614 -7614 11389
L -38118 -76614 76357 72925
L 82967 -34640 73422 -92022
L 82967 -34640 -75565 82397
L -15158 -14663 7153 35073
L -15158 -14435 7153 35301
L 58884 35029 -5548 -20216
L 96089 53529 3232 80077
L 89064 49963 89064 12883
L -87030 70935 -87030 -49123
L 84700 -23032 -57759 -23032
L -47541 29620 -80301 -22968
L -47541 29620 -15255 70945
L -27995 -6842 12232 -7763
L -45840 77633 -17670 87056
L 78891 -32244 19395 -18688
L 78891 -32244 -95236 -4331
L -63832 14818 16439 14818
L 68462 97751 69669 38926
L 68462 97751 94090 69974
L -37469 32179 -93007 32179
L 92364 40285 92364 -87847
L 50999 -40561 50999 -492
L -14922 22703 87978 72095
L -14922 22464 87978 71856
L -83411 36120 43008 36502
L -83411 35934 43008 36316
L 59607 99787 27047 95541
L 59607 99491 27047 95245
L 1501 -35732 -4895 -66538
L -34246 -36926 -34246 -36421
L 38833 40450 85879 -99646
L 38833 40450 85128 33244
L -40085 -21001 13464 -7801
L -40085 -21001 -26592 74649
L -61822 17742 67847 17742
L 14454 57658 -80122 57658
L -23794 28120 -85106 28120
L 89298 4603 24019 30453
L 89298 5359 24019 31209
L -94048 -95238 -42564 55952
L -94048 -94478 -42564 56712
L 36961 22483 401 -31588
L 36961 21870 401 -32201
L -91522 -68495 47717 -10651
L -91522 -68495 4564 -44033
L 48814 68208 48814 37527
L 46907 -16050 34316 84245
L 46907 -15408 34316 84887
L 5914 51575 -7767 4822
L 5914 51575 -50636 -77101
L -96518 34237 -2839 -4191
L -96518 34283 -2839 -4145
L -90228 24931 -96168 8404
L 41972 7154 -90279 60275
L 41972 7154 -29773 -67198
L 82510 -90643 80245 75139
L 82510 -90643 -21246 -92578
L 83743 -37389 34231 84429
L 83743 -37389 -31484 6090
L -46775 -98512 63847 66628
L -46775 -98512 -41163 42879
L -36193 -17149 -69654 -81734
L -36193 -16480 -69654 -81065
L 7282 -71365 41286 31376
L 30687 -35461 42861 88211
L 30687 -35055 42861 88617
L 43980 -59569 -43516 -11972
L 43980 -59569 -81811 11582
L 35452 -27859 40774 -36535
L 35452 -28693 40774 -37369
L -2609 60871 -67283 -43803
L -2609 60105 -67283 -44569
L 37882 -36609 -52825 -36609
L -76335 -33761 93876 55641
L -76335 -33839 93876 55563
L 5516 -14028 5516 -26938
L 58026 -46761 -73514 81241
L 58026 -46761 -84500 31284
L 41138 -34271 66332 -51608
L 41138 -34271 -87129 70193
L 6332 -62590 10832 -62590
L 41958 -87580 -18266 70579
L 57500 12964 -73431 -51257
L 88589 89694 88589 56644
L 86344 23467 44502 -21720
L 86344 22921 44502 -22266
L -89252 -85552 -71856 39998
L -74378 27896 99530 -51500
L -74378 27896 97226 -93943
L -48084 -47240 -54713 71762
L -14454 80245 -1526 -71523
L -14454 80245 -44661 -45751
L 23279 42293 -4112 77401
L 23279 42293 31074 46673
L 99890 -26388 92961 69437
L 99890 -26791 92961 69034
L -93416 25649 73629 25649
L -29045 -97920 -6082 89184
L 19584 13929 19584 -90877
L -93468 73202 -39869 29957
L 61518 60574 96215 -61895
L 61518 59749 96215 -62720
L 91838 -1078 -3578 -41914
L 91838 -1078 53020 43383
L 19278 21405 -88423 21405
L 55972 -45671 55972 -35831
L -23283 25048 -23283 -20945
L -97250 66100 30466 69394
L -97250 66100 95747 -64855
L -19844 33571 -69803 92765
L -19844 33571 -60632 88615
L 51525 66656 -79634 66656
L 76284 10062 8316 -16126
L 76284 10405 8316 -15783
L -71455 88580 -8579 -3869
L 43347 50422 38220 67463
L -58666 -91717 -55401 16280
L -58666 -91971 -55401 16026
L -83056 59246 -70565 59246
L -83303 -16386 11890 36161
L -83303 -16386 -85919 18542
L -58102 -89035 65516 -27176
L -58102 -89035 14699 26868
L 11339 15607 11339 -70612
L 78243 -51081 71856 -51081
L -6533 63366 -97660 -83335
L -39787 -98045 -39787 88487
L -8249 -4560 -46840 -18156
L -8249 -5170 -46840 -18766
L 22776 219 26121 13316
L 22776 219 46750 44738
L 79205 -83885 79205 32213
L -94352 -23642 7795 -23642
L 12843 -34346 12843 27696
L 90350 -15893 74681 -15893
L 97242 15233 -53142 84684
L 97242 15551 -53142 85002
L -5322 71041 40037 13086
L -5322 71041 13592 -63569
L 92253 -62808 15992 -39503
L 92253 -62808 31272 53494
L -42835 51410 89476 79243
L 45427 33106 -79497 33106
L -49513 88857 -146 -91923
L -49513 88908 -146 -91872
L -80137 61765 -82328 61765
L 1296 56664 -5184 56664
L -41349 -55297 80114 -24038
L -41349 -54320 80114 -23061
L -20403 49044 -20403 88318
L 42091 38966 55113 38966
L 24062 95478 20762 -25537
L 24062 95478 -59965 80168
L 21920 -42008 -31442 -98523
L 21920 -42008 -92821 -99891
L -92531 69321 -3654 89211
L -92531 69321 90958 47330
L 232 -37318 232 -88542
L -6992 95789 -6992 -13030
L 99523 -32816 64343 86789
L 99523 -32830 64343 86775
L 40516 18270 -61046 18270
L 56776 -22255 -71987 -22255
L -12604 -59406 -34968 3697
L -12604 -59406 -7747 4260
L -76438 43872 -76438 -54508
L -50926 89175 10073 -33231
L -50926 89175 6923 4912
L 38740 -80081 99626 53790
L 46935 3079 77389 3079
L -30882 79503 65069 86128
L -30882 79503 57032 -17672
L 7786 -90841 7786 68207
L -21709 83445 91773 -11197
L -21709 83445 50873 43580
L 92202 -88284 46321 -88284
L -48168 -4126 -62265 -4126
L -55211 92824 -85987 92824
L -67748 -52278 -31576 20386
L -67748 -52278 13135 64252
L 74586 -58670 -55703 -58670
L 66546 93559 66546 46831
L -46310 -81220 22292 -81220
L -32106 64253 67275 -29816
L 8272 -76613 -19875 -76613
L -14691 -50396 -14026 51521
L -14691 -50396 83139 -15351
L -12120 -80190 88737 57144
L -12120 -80568 88737 56766
L -41081 -27742 68474 46223
L -41081 -27742 99541 -85139
L -17007 -50312 1397 7751
L 34775 81822 34775 -38653
L -95485 -50880 69174 -73515
L -95485 -51702 69174 -74337
L 54745 -27879 54745 56773
L 21769 -26409 54150 -26409
L 18543 64295 18543 20788
L -6774 93044 -27631 52216
L -6774 93194 -27631 52366
L 50892 -44000 50892 -71938
L -10033 -89680 -87730 -32585
L -10033 -89680 72567 -55342
L 52807 -43089 19153 -5380
L -58096 -446 73056 -446
L 58295 91735 31979 91735
L 87329 77030 33053 -43849
L 87329 77030 28209 10915
L 77561 74111 77561 6948
L -98144 -77830 32678 -94397
L -98144 -77830 -97613 48097
L -4501 82384 -60501 82384
L -35310 74606 -4474 -37422
L -35310 74606 -66996 -6730
L -27173 -72103 -27173 47873
L -57637 -28303 72338 78263
L 33113 -43114 56072 95401
L 33113 -43114 25659 -73934
L -40105 82660 -19545 82660
L 34812 -15001 -59047 51165
L 34812 -15001 46037 75383
L -16879 82797 -74615 -61499
L -16879 82797 -27850 55306
L -797 -36921 -797 81422
L -21545 -10303 -21520 -71034
L -21545 -10785 -21520 -71516
L 85611 37620 80464 -1401
L 23059 -80760 42645 -80760
L -98364 -68114 -33944 -91177
L -98364 -68114 16190 46544
L -14275 -66804 -87115 -41753
L -14275 -66804 90888 56719
L -19377 -63168 -17610 66648
L -19377 -63168 -92062 86075
L -64997 -82438 -64997 3842
L -35839 63940 -35839 64989
L 60796 -47592 -82922 35976
L 47348 19918 47348 -79350
L -50321 -37166 61817 -37166
L 89878 -76617 -43467 -69103
L -42292 61537 -96415 76376
L -42292 61843 -96415 76682
L -60622 -9500 42089 408
L -60622 -9649 42089 259
L -24966 -31013 39663 2526
L -24966 -31887 39663 1652
L 3778 54270 -41048 -93734
L 3778 54270 42540 91037
L 77555 -94842 9226 50101
L 77555 -94842 -36930 72184
L -51124 26536 9952 38464
L -51124 26536 45245 11626
L 81966 -1325 81966 42794
L -58704 -9687 -58704 14500
L -14752 -37294 -59405 36842
L 74484 -40690 -16703 -40690
L -11550 62488 -6548 44887
L -53674 -60605 -53674 -80840
L 94094 -9980 5203 42788
L 94094 -9980 45544 -73043
L -20835 30256 47097 -9014
L -20835 30256 8336 14955
L -64760 13977 -64760 87882
L -98763 -64093 29695 -17238
L -98763 -64093 -71010 -26394
L -96918 -95652 4136 23311
L 40461 -46431 40461 -70244
L 64564 -24825 22565 34607
L 64564 -24825 86965 5803
L -59393 -30008 -80729 -30008
L 94470 -74556 -89415 -84572
L 94470 -74556 85147 -7074
L 64346 -82152 37198 91900
L 64346 -82789 37198 91263
L -99365 97542 -86116 33014
L -99365 97542 -88022 -55216
L 44698 43705 6746 43705
L -66770 16521 -46726 16521
L -82832 89362 30121 -41034
L -82832 89362 39295 -79959
L -66525 -45233 50285 14277
L -66525 -45233 -272 -76214
L -60592 42053 -60592 -5116
L 48528 92311 29026 92311
L -79791 -55627 -94831 71736
L -79791 -55627 -79799 89430
L -70699 27528 87892 -12275
L -70699 27528 -60636 92279
L -14443 -24056 -83860 -39211
L -14443 -24056 -38725 -64834
L -53159 -9127 -53159 35638
L -65221 69108 36374 69108
L -42144 9530 -46093 -31239
L -42144 9368 -46093 -31401
L -76908 -42329 -76908 -87325
L 4926 -52572 74502 -52572
L -33104 97238 -13105 -11183
L -63537 82044 41160 82044
L -33271 63904 -95138 7340
L -33271 63904 -20307 -89375
L -86214 -55403 -14084 84593
L -86214 -55403 25905 -54471
L 26881 98619 16655 90818
L 26881 99492 16655 91691
L 57007 -42967 57007 -36858
L -36527 3180 -68069 78279
L -36527 3180 -76269 72647
L -53672 64887 65062 -40098
L -53672 65524 65062 -39461
L -71562 -85332 -71562 25876
L -31848 -18768 -70876 -22361
L -31848 -18768 66018 -84709
L -63610 98637 74538 -33628
L -48627 15044 -90662 -85995
L -48627 15044 -22809 18469
L -70209 -89845 -33884 43392
L -70209 -89845 -39418 37234
L -1202 788 -32785 -33075
L -1202 -197 -32785 -34060
L 66395 -26294 33626 22266
L 66395 -26294 26945 -74411
L 5447 -95268 5447 -37171
L -37199 10333 15885 -90197
L -64380 -36983 -70371 -36983
L -18197 28345 99877 28345
L 18957 93794 84369 85432
L 18957 93794 -31870 -85970
L -13137 5136 -13137 -8777
L 65468 50040 68082 -12260
L -37131 25440 -37131 -17281
L 79693 37160 7885 39910
L 79693 37160 -82943 43084
L -63806 1629 76755 15286
L 55897 -53976 -20334 -88858
L 55897 -53976 47296 13987
L -50685 -40047 -50685 -99748
L -58150 91093 38431 89319
L -58150 91336 38431 89562
L -61847 -50252 13569 -39089
L -51627 -63562 75657 -63562
L -83825 -10188 12400 -10188
L -48250 88656 2814 88656
L 65372 -65022 20152 -77581
L 65372 -64375 20152 -76934
L 73476 98328 -49404 98328
L 54226 -80656 -19040 5403
L 54226 -80656 -35788 28534
L 26449 -13377 40169 -6731
L 95840 43873 1332 -51663
L -89769 19788 -89769 -59057
L -33478 79852 -17995 -57522
L -33478 78967 -17995 -58407
L -30627 28822 -34447 -94847
L -30627 27882 -34447 -95787
L 19018 36160 19018 -3257
L 63673 -22716 -29003 83820
L 63673 -22716 -53412 -45006
L 11449 51906 90810 51906
L -33026 -5247 24062 -5247
L -26319 31914 -21559 -84760
L -26319 31914 -72697 -32133
L 65128 -88864 -30003 -66342
L 53897 73899 53897 63623
L -6411 73508 -83040 63605
L -6411 73579 -83040 63676
L 33414 88277 -28093 88277
L 98308 55634 -6180 34398
L -53404 -11992 -53404 -85781
L -85908 -71519 93574 26357
L -85908 -71905 93574 25971
L -62256 43831 83824 -96716
L -62256 43831 76135 -53301
L 37053 2434 48296 -39909
L 37053 2434 26592 98706
L -97698 -14483 -19485 -86244
L -97698 -14483 -10976 -18196
L 56202 -320 -73776 -41040
L 56202 -320 74937 -28355
L -92455 24713 -92455 -5910
L -25482 -12774 18269 -12774
L -64437 54794 4150 39942
L -64437 55155 4150 40303
L 64247 77298 -12899 36113
L 64247 77298 67373 41344
L -38451 98913 -88979 57505
L -38451 98913 72200 -23830
L 63705 -97806 -86928 -31304
L -89227 8474 81532 50071
L -89227 8904 81532 50501
L -34621 -27769 -34621 85884
L -39516 42993 -39516 -43098
L 31596 -30113 -40974 7725
L -58680 -51446 -46703 -51446
L 37734 21327 14573 21327
L -55984 98231 -22795 98231
L -58584 -56970 49722 70337
L -35975 -35967 -95850 6179
L -10276 -38129 -10276 -6630
L -26169 -28719 47242 -28719
L -54336 98592 -54336 -67728
L 29905 53613 -67251 -12425
L 29905 53613 38834 10549
L 85482 67667 -94063 -98744
L -11578 -18471 -11578 -93681
L -90397 33594 -382 55758
L -90397 33455 -382 55619
L 49368 -1573 19392 -1573
L 39740 48189 -64298 -3415
L 39740 48391 -64298 -3213
L 85845 63181 85845 36600
L 19725 61136 -15677 61136
L 80174 43492 80174 -79147
L -65716 77728 -73268 -47781
L -84186 -99360 -60125 -55333
L -84186 -99360 51324 63229
L 72073 -45414 -40894 65242
L 72073 -45414 -1675 22484
L 94641 76591 94641 93257
L 3953 31661 -70110 9287
L 3953 31879 -70110 9505
L 32732 -26875 -58841 -10044
L 32732 -27226 -58841 -10395
L 46988 -46983 52389 -56872
L 46988 -46983 74316 -7318
L 1483 27748 1483 -29283
L 56673 -53746 -59212 45090
L 56673 -54298 -59212 44538
L -87299 -36145 16541 -43293
L -69904 -26592 -76559 -26592
L -84089 13544 8948 21934
L 38247 94741 38247 91010
L 34794 -52293 34794 43544
L -43456 -91915 1373 -76875
L -43456 -92908 1373 -77868
L 87676 -78857 68497 -64633
L 87676 -78857 -77610 9796
L 62890 47130 29359 59802
L 7295 25027 7295 46923
L 8021 75267 -47158 -17022
L 8021 75267 60419 90415
L 36135 -61048 87317 43739
L 36135 -61048 -22463 58694
L 77977 38083 62202 -14082
L 74693 -34131 14470 -64260
L 74693 -34131 -45016 -53098
L 71694 -85524 -75586 53387
L -20587 93345 -73123 53655
L -20587 94129 -73123 54439
L 40718 54064 42687 -8637
L 40718 53095 42687 -9606
L 47513 -76658 92048 -30314
L -61946 6080 80810 -35056
L -61946 5114 80810 -36022
L 71060 17218 -11522 -90070
L -10088 -33562 -99509 52670
L -10088 -33590 -99509 52642
L 89968 36060 -82295 -9301
L 89968 36055 -82295 -9306
L 56631 57484 23827 -94762
L 56631 57484 39592 94446
L -3574 85696 -55218 -74043
L -3574 85848 -55218 -73891
L -5599 -39505 -68276 -51343
L -5599 -39505 44484 -36215
L 1773 57064 1773 -88964
L 21348 49610 -67619 60808
L 21348 49610 67000 -69270
L 59119 -93989 -5747 -90730
L 87083 42428 -16944 13646
L 87083 42428 -56619 77990
L -96479 -15461 65503 39173
L -96479 -15461 79457 -27967
L -65815 2726 -48531 18501
L -65919 -21323 64540 99249
L 81544 58816 -32015 -81104
L 81544 58816 -93037 17691
L -43069 21413 -43069 -32838
L 15496 -84989 -80686 -84989
L 83664 -14345 79003 -14345
